24909
43433
89289
94566
22850
30342
15000
83223
10080
90680
1603
70198
89686
40494
39488
99034
58284
5611
70803
93639
16646
396
55961
46149
62680
59569
94366
31142
40801
67482
16393
29056
57785
83919
24040
40559
67332
90620
76888
1059
69005
10960
42215
19503
77574
83012
65269
92020
90720
11416
24855
14311
67488
9195
77194
6054
49914
45890
32556
59375
50415
10410
73679
42600
35719
92268
42577
90520
76083
56947
80644
51642
82688
38555
55638
49977
79252
67568
95246
30417
89514
75590
12981
94724
44117
32871
23207
60352
37753
77895
71497
9697
63898
44360
14825
14388
9732
25072
19599
23222
9607
82407
4543
83288
38597
59355
5744
81022
10798
81251
20730
94703
78543
23122
10534
9793
63365
19795
2593
13880
55651
27528
30570
456
76197
44715
5086
11496
53612
97823
76261
28696
83684
69071
72877
81223
3497
88148
31942
3224
44008
64611
63997
42873
5094
3647
17879
31618
99306
17800
1179
54784
24387
18693
96854
46178
56499
83692
30184
57230
40547
39127
86682
68122
49657
28766
16886
30544
64786
28286
23092
56737
86083
33564
32993
71412
19825
98543
67577
93540
95401
97572
4523
96315
36190
59428
57586
96943
30047
75928
67744
16036
83620
16255
45745
81163
60826
68844
10964
67246
8594
60494
65607
3608
14006
1543
21626
27965
74923
85046
30025
48517
39700
44412
25473
5625
95775
1359
9719
51643
93152
50720
50802
15639
51206
88411
28720
92816
20637
13598
57870
21354
71725
58864
30470
66468
45828
91676
67150
68707
65057
91467
78917
5116
45146
60090
72590
30359
17587
93627
73454
18748
12136
128
26065
59960
8442
16981
31834
27464
55277
55525
90710
52413
57894
63862
61665
98095
95459
63001
13847
97251
99586
52542
43525
96462
17613
45351
74936
9918
20594
35728
88471
4230
7789
74304
12346
6217
51696
10345
25287
81549
45684
51905
14690
24911
30155
34066
39544
81449
18845
47412
16415
95366
11210
33617
764
94607
35738
64237
44532
49731
54468
57788
65329
16600
15499
56996
23218
53705
89835
58938
94589
28076
5770
23034
26514
97051
57943
25739
36039
49478
31055
82102
34365
73074
7824
44176
24293
43579
45335
55880
67157
41003
32592
45288
93359
81376
22167
36813
38202
74684
40295
48091
61911
79714
37883
13356
50789
14964
43390
48552
496
15588
65105
29702
49685
54499
76970
68322
52415
32961
57750
12785
65616
33661
28349
16364
24081
58057
64610
35683
60145
50885
22874
69789
70495
64247
73565
80195
97281
59643
86786
3813
14907
86862
95199
23188
86385
98744
21826
77830
85761
29089
53585
17468
6236
23818
3586
33225
53235
65929
68763
5536
97080
27524
55806
59630
88818
12219
45455
20727
26573
71771
32519
83980
11879
5951
82888
32951
27159
6211
68117
14838
54345
93239
53035
29367
50563
75570
61481
85259
64602
73275
5020
57694
45292
7493
31026
46663
74886
72649
89810
27795
27082
85041
90017
77816
63328
35620
80436
85096
28782
89519
77584
13636
91822
80645
66917
54475
67368
36746
48637
8189
27259
69116
83815
97687
56452
48993
67876
1824
14481
47424
15596
94503
57135
99850
75003
6059
20898
9774
22524
79464
25136
39876
156
92995
38717
22063
75160
46933
3089
90401
8234
49408
88158
2594
37580
69402
84897
22403
5499
66263
12166
79698
35336
88942
41463
20918
32935
69804
15305
7367
52685
80007
17359
65140
91065
75136
64411
12462
44225
36177
97276
78419
6019
65468
18376
53297
45762
92661
46372
32725
34134
92695
54025
58059
55666
37716
86818
99169
1912
88742
78015
21558
37640
55135
90546
98875
26204
67896
70347
96163
94358
64212
37685
44452
19060
91491
83406
88757
19798
51462
14305
54339
92097
29629
41545
35276
7114
55884
90736
18246
35246
4052
21480
70273
21125
62075
17592
30301
49350
95731
92616
75732
93011
77494
57621
4212
11293
32324
69865
68143
11831
21273
97766
77995
21168
56908
73280
2677
10922
58578
34311
98895
10068
65496
71974
69093
83507
33328
19309
43057
85074
65092
18432
63416
85534
41097
57458
36413
82000
79638
29028
95339
55177
54257
26509
79006
50007
94842
91781
36678
93911
14949
18799
13746
65531
797
66986
26253
97311
48339
75572
39955
80430
13678
82118
53721
72690
58999
7500
72407
82966
29529
9956
2897
75303
28790
42459
56828
6555
80682
12412
59449
76377
9406
52801
84592
42742
78651
76903
42157
16585
81577
65388
21913
70085
63790
95582
20351
50221
66860
55036
34785
93525
97192
69620
62618
32777
87702
8355
90820
37142
21030
22025
6284
82871
32575
10813
98548
16843
99156
10517
56833
54743
10721
50325
16162
18082
73140
40575
44691
6996
97163
44570
24952
72845
5449
46053
68553
82017
89869
18275
79131
26536
62156
52140
77634
89079
62080
1762
62436
60011
28646
86285
38984
61274
44641
65612
41921
96333
73722
12137
95946
83886
68598
25409
31170
33362
17065
21546
59726
2408
4836
35029
196
4452
35833
78437
10632
18954
44037
11762
77538
21191
20149
47722
36292
40017
78964
34125
79554
3249
65962
80735
53378
3686
49482
36670
75838
1828
25736
31967
78299
39998
15778
8435
72958
67870
58629
30615
68737
11068
58177
97867
52178
56219
93569
79469
6638
78369
19386
83834
81091
47154
88749
87862
61594
21689
42712
88832
41278
67817
51151
43570
37925
1070
50356
64784
61898
31191
94529
79257
59400
58073
16497
34821
69456
78343
78106
56185
32774
94636
50767
96516
72886
48119
61358
86157
58987
80561
46452
91968
6516
32415
59966
81350
71894
88936
86548
42556
49714
56842
68903
72749
30287
49480
36119
75969
77094
11767
84157
27746
24978
18323
5594
45444
42375
43509
45040
5837
18195
66465
60928
98368
60952
62744
6659
89807
23621
34389
57262
85389
81897
34733
22616
89169
90496
25373
44182
54427
80831
31457
33174
44060
76460
47067
11372
73029
6825
73766
58862
80846
93580
34544
58945
46662
82580
93701
92864
5682
67213
33866
28703
71019
3851
5878
34983
48065
11378
66265
89601
35130
48762
94848
20830
15152
12757
81816
42906
41845
3820
75085
5566
16847
48992
50317
94861
60176
21288
88131
91569
60585
11137
96533
10152
35624
79172
75111
91630
78890
78054
47511
19501
59199
38939
80540
56507
9484
6501
92069
70773
23011
62599
54190
9899
13468
11750
29723
31115
60557
81122
28281
26502
31870
28374
52988
75940
92913
33421
70965
3698
30890
55140
20937
4031
15586
97635
13254
97268
92131
9547
75389
12934
7148
77773
46750
34477
36805
68263
4825
64742
43988
89928
18930
42371
62363
22023
22994
96723
58207
80123
26093
8708
70670
9693
7398
89670
54907
81674
34960
46105
93159
38213
94288
87080
13350
88565
51466
94161
94329
41707
78679
45349
31024
48347
28691
78368
56845
62392
28889
55157
90795
26818
45048
474
26137
50839
93942
80086
38374
14214
64448
83687
77644
73287
49952
24059
75322
70737
900
21452
36134
48355
5846
22731
59497
76027
67983
75277
84095
67988
16478
56382
38814
18957
80473
69936
31513
4986
51121
6990
45201
76236
53727
12588
91155
38989
56304
93041
81065
11572
86032
98917
11874
11488
43102
96352
8998
44882
9342
78558
53955
71479
342
51495
57908
53134
88805
22247
12263
25753
41114
23924
48492
76002
54564
57198
72360
40128
77035
96495
98520
38403
75460
87928
41676
36601
17136
2956
97108
85240
26595
84432
97485
68555
76383
3165
82803
52515
33535
77245
59652
11259
14596
64560
33965
97183
24226
27362
73935
50400
49179
85157
65960
18501
45236
3721
55422
83192
45407
64514
31668
76414
8187
81475
15247
30122
15889
25188
45769
94513
90327
66499
42899
82819
43928
98624
90904
85078
813
69443
37844
93913
60757
75181
73996
74261
56078
31974
37159
79017
93229
79151
47184
29463
16194
29765
95804
55552
29627
83122
62107
10982
57930
92574
78038
61082
55478
1654
76722
51972
81724
90220
72311
46008
12212
6726
37531
69473
88669
99464
81732
88042
2650
58187
14649
55426
22717
26203
94135
23836
4341
39394
151
48939
60907
91235
10861
39138
93816
57486
13860
3430
51144
22170
22538
16274
10030
32293
32458
16988
69395
57759
15959
1712
49045
21252
3361
88988
30561
34604
61690
22212
59717
72555
45604
93321
67352
86756
23085
62545
98635
62663
37170
63017
36094
32747
75576
60104
27064
39130
67296
42470
58689
27512
62215
21891
62547
86732
34381
34366
10470
16282
70309
8907
71145
78645
54773
16032
41723
88300
11634
81981
28884
14241
5898
13948
60267
53092
16695
47168
204
92750
41346
53195
2306
92812
67464
69224
57497
12264
80934
23531
45772
79079
6957
26849
87018
72384
16607
12973
22512
16919
81738
8976
21960
95084
56708
22122
17956
58134
70043
97140
94080
81455
71380
84752
1162
16452
57051
29186
88376
78568
10081
59229
65098
34328
39594
72173
39439
23211
56438
79809
19328
39246
61636
65125
23727
48674
43436
50038
55846
70795
44316
24587
56250
13155
14764
24614
1811
29858
72026
77807
73051
1515
73058
45548
2048
92102
40174
58868
3355
67103
17992
53725
89656
33876
11709
19676
53010
49332
48825
95794
29433
80553
13407
61065
19237
66916
24149
51766
64975
88013
50204
73354
85437
39744
9695
57107
91374
500
9339
75769
45398
69518
55295
86497
72470
33262
66101
52662
28225
32106
18373
49479
59397
71022
53916
68089
50454
82861
59836
93203
43544
71364
51117
18222
80910
13318
91387
2320
91306
58146
47466
32574
52402
42758
39691
35711
73056
60657
36521
46463
31293
27948
98216
206
21019
57413
53639
98564
26036
31539
85461
8296
82683
67155
4628
37497
34486
21072
72236
93669
57327
79396
74095
72184
50666
32855
75959
64291
99393
34991
10322
19307
27862
16592
28842
56344
48344
32824
36836
64262
74219
26719
43885
97887
75031
30736
72326
89581
82241
2985
37736
18213
70562
25266
71411
36685
51479
79081
85159
17269
30108
35720
50921
44382
96515
99897
66360
77673
8373
2218
63749
99211
56873
19932
48545
65228
79683
93634
26999
8233
84369
62023
76566
16324
24702
21593
83923
23867
43801
55308
59980
4671
55518
93468
55332
64192
22211
4879
42914
63220
91644
80186
61150
35686
11540
38295
79773
87980
13688
47333
20783
44821
68638
56620
67215
85668
79032
72275
54653
42578
65146
74056
27058
51410
15682
48163
58000
70681
13546
71456
93072
65280
24974
17746
97119
55857
44309
8116
68596
85583
25294
96934
6753
68947
5527
41363
77092
91419
51903
16062
62798
37556
87864
7417
69828
31548
23151
7189
71958
19714
76249
54796
18995
10651
20917
14932
32188
42655
63481
17719
37501
70531
52608
98103
67301
51300
34732
93437
48886
74872
52555
76795
12031
41289
15955
31181
65478
61668
92683
46256
24464
46065
84736
8390
46354
4252
77178
34623
8860
79909
34509
31681
28794
64616
61500
37077
33026
66553
24754
32279
16276
58353
83510
15238
55597
91249
51289
5706
85371
64442
36041
28586
15364
99927
33213
90104
1508
76447
64467
73142
3051
75879
46878
5143
6315
9403
61497
97217
56096
51772
41732
7270
7908
90722
82486
40301
3626
62920
59492
26341
26156
74708
36143
43112
68444
39285
77273
93409
51513
93459
31893
38788
63075
83368
19373
37279
25119
25893
88894
53030
52856
89467
35000
30836
62932
43989
70450
61605
4800
83714
31046
32627
63354
84028
7118
85773
18292
80604
52147
67196
39476
21032
95455
27743
50516
98547
28779
17928
39490
32852
41450
10714
51232
15543
17103
81427
75398
10208
43223
76100
35594
4901
13630
39645
80193
16732
88030
31930
61203
397
63904
57203
42900
33034
83546
26357
57961
53554
34629
32083
47432
16679
42381
29229
66821
66029
69678
64416
14521
57594
65626
1063
80061
61982
23097
67990
88291
77128
37817
11550
37684
35706
91840
38037
79923
90773
42669
5903
53411
30173
65727
16382
16460
15252
49077
76419
908
41104
60154
52336
3560
37195
3421
24065
68868
23224
36132
31063
82596
95365
82146
35290
61457
58846
23382
92744
86361
8110
44164
99431
42579
67703
6496
61760
79013
55472
80599
26914
95032
80557
1189
80360
21749
33100
1530
32955
15241
2046
85286
79822
77874
7931
84974
17055
35955
22013
71182
15213
5258
71897
30619
78178
64319
20648
17453
12732
875
17061
26112
45433
28700
80079
26193
90793
3186
68870
56347
54003
98967
31518
5133
82143
79650
69329
76913
23209
54487
31061
95413
25987
1106
7298
18898
56686
81247
9679
14314
56430
2473
12719
79138
84141
86306
52146
60126
40010
78213
93248
23500
8894
62216
92087
53779
61655
85503
22402
28055
59809
61320
51199
29782
95858
38631
84845
17852
17173
6052
36822
70859
82809
4589
5327
10896
76286
55454
18415
33982
95189
7448
89532
39834
50339
94954
80330
15637
22740
87098
59650
68802
8545
93022
15611
22984
24445
9945
15273
18525
86349
21780
9126
50342
34315
90325
25270
91533
34460
98061
20573
94365
36105
57219
57929
68908
45200
51006
14360
61580
41059
94217
40789
78979
52392
43037
87916
44869
85999
68846
35666
97364
56630
67952
68196
79670
26881
33500
48614
659
2562
30050
88408
17697
60594
42663
27774
63318
40280
81404
61733
15836
79705
73865
93455
98684
17257
96204
65429
48340
70379
45797
79466
83779
50143
78746
64206
83769
95792
84301
99313
31262
50321
5851
14665
67861
84360
16529
65622
32894
41119
62093
89952
90487
21141
27358
29246
75291
66316
73522
97908
32490
13651
40342
20911
27922
46735
23940
79126
42959
45585
79170
99374
32285
11996
16387
89559
29890
77586
19170
93878
90359
13741
64956
47163
75118
46873
93080
28870
98901
15468
7815
72417
90714
28810
92524
4739
88101
21978
29329
69495
65356
33736
92170
56138
99412
7970
76325
78544
92466
12560
77180
68803
94298
9702
93769
40748
25729
65564
90929
46183
58970
14533
75703
10134
63951
54104
72518
87295
83690
95045
30459
34620
47695
64580
51500
60513
31733
84275
1806
89779
38897
87728
33573
81439
48860
43604
92558
58592
43915
80055
84908
91675
8775
99984
90624
92371
4650
76598
48702
44832
81370
6138
44994
24424
19024
5303
55515
7636
85308
30012
41226
25633
17625
48450
53687
83944
33766
23968
28509
97558
90539
41091
49052
13472
51538
1541
33701
97844
1487
14447
39350
84988
99367
37216
23367
10379
1798
31958
95843
15274
48312
88463
69103
66762
78852
3539
31756
56299
61212
5281
23121
79753
9137
69954
48692
73855
87634
35216
71195
31125
86060
71277
98619
20973
26161
86976
65013
64654
25106
37529
92593
80215
96186
54341
19960
61341
69565
8525
42079
45062
62219
73763
82525
27621
92439
63314
11828
27936
15137
10566
42538
92562
2121
65633
73889
65927
53819
46784
74115
37381
98932
66332
12587
68653
2572
46522
70149
11528
57897
16689
27165
80991
75012
31657
54301
16217
58894
91904
23980
32988
55550
11408
16535
29908
31788
86955
21623
58087
64061
81999
15492
5721
21362
86653
15166
52912
23048
37330
69298
76307
81792
77763
70464
12993
35582
87867
97913
38704
11056
32911
64353
45659
4220
85618
26631
74376
81314
95782
83018
19166
97301
73892
64544
73733
35968
31995
61585
72863
13072
98614
95848
73212
8135
52333
35457
28462
55463
75936
82736
63509
80110
12163
24130
22716
27966
82878
38576
68455
27030
42020
31662
29013
1738
40950
64385
48435
58676
24054
35776
1187
79392
94637
69008
18714
54736
42233
66126
41019
90029
3874
73462
38440
79537
1264
48553
68649
40958
40239
26614
6433
17111
85923
51015
61106
58558
70121
86337
93371
40497
93342
92114
57996
98233
98745
78906
62646
7685
10362
16759
39106
17133
49365
43159
97517
39734
83349
255
96505
25539
3720
35099
60972
52561
31218
67503
98465
93414
55959
79337
77361
52613
25178
12622
49488
79412
76389
79669
54065
22270
17214
8532
6590
83529
51213
340
69525
94242
23380
86025
75366
3616
87746
32801
8843
86243
51486
56260
89106
17522
91392
55487
66837
64185
70705
70293
45178
24690
58317
53124
73103
19457
59696
84169
35693
89591
82747
56120
46238
87369
67090
35603
71638
74807
18973
14955
35492
95601
90087
19891
81768
64321
4603
86541
61377
55256
36513
27271
37198
18325
76787
25885
73017
86889
17531
16298
44943
34260
7327
70846
65261
87149
57504
89435
53185
81135
29116
22641
35277
70260
99946
33045
16541
44098
43927
90638
27890
88275
22974
8502
26542
27403
26189
38291
39224
76265
14698
82928
10021
90226
58678
65444
93752
32599
12049
60277
87704
38349
63242
55461
78834
74077
72036
32649
55110
33838
1419
19632
9871
8137
67797
65779
61944
82149
38306
20390
27295
25609
82858
96498
5973
63085
82921
50021
47884
22881
33578
8020
74745
26001
39782
42258
10222
98287
77892
34810
60612
71153
57773
19162
41991
49288
54755
37197
40302
75164
12940
75354
45615
89607
94140
90311
2605
15245
87705
66824
64249
4288
90178
25958
65938
72693
51201
62696
72262
18128
7982
37598
2211
14104
36644
17486
88984
5243
28788
70894
61009
12053
39674
79355
45001
83365
16635
65253
10857
50219
72947
71371
94664
73355
20312
89077
18162
78813
35059
97344
11203
43825
61617
77983
21368
59725
62747
89862
59126
79782
75947
25932
40278
89142
65963
76313
19155
80661
85543
83934
94069
79785
75898
58015
75224
27491
78705
50115
53013
67267
76776
66506
85234
97237
87208
14653
9849
67384
54021
54585
37261
66643
35174
89026
69118
9405
61025
11044
57341
89386
28494
63844
33988
49203
94920
46793
24876
29328
15535
36056
4572
69794
43617
35311
980
8025
5823
84133
6328
2070
25583
22221
56813
58664
49417
28172
82354
7563
89259
24626
20008
82959
5869
73184
54566
58161
44643
46284
7728
92182
176
6176
89520
54083
11897
48792
21451
33036
76374
30954
26142
75625
43512
25242
35987
42114
39228
43559
85156
6289
85879
18426
16286
32483
70742
92630
79065
90280
86289
96403
70074
28692
81037
24240
10073
28656
27097
6644
16848
94885
93908
19181
29681
44155
83487
43667
82095
47109
85819
74593
61932
99782
45735
49177
10902
99820
89945
29929
91601
59679
81500
60109
93539
98000
68377
44038
19669
53379
29835
98169
5592
2871
69364
73465
97598
84031
5863
28187
55
19779
16164
41282
3895
28993
19218
54364
64594
77806
11819
14777
24097
5659
14658
56994
93798
63388
59247
95712
19846
61131
88325
38081
17690
40456
89438
85631
44061
20199
20884
77841
5608
10167
13850
13993
640
50475
95872
95698
14583
34384
21101
17410
39343
84447
33682
92530
86356
77156
75503
12509
98090
31403
16367
67175
64488
17106
98934
18524
55198
24838
27721
80681
26820
28138
31841
94682
78754
69976
28206
71944
77433
66969
82400
20024
5467
6908
39513
42038
24634
20762
45818
65503
67189
8697
49205
71654
6755
78451
60973
71876
94518
90372
91002
98775
83845
50617
88355
1357
91487
26980
28965
30734
37809
14536
71393
72296
64617
14527
76207
48914
35291
50494
90467
56081
73000
84898
25552
52380
23602
24545
873
39895
89898
16839
96077
7208
6071
2063
83659
99103
75799
23064
92231
2634
48406
29637
14441
10236
3887
50202
83671
14015
39034
5795
65743
57735
84677
27844
24617
25502
35528
81616
18868
78932
52617
34035
87747
50288
94580
94633
59405
75903
86024
54965
74792
21634
26331
50731
57890
62512
6905
75484
70267
61324
9669
90757
49696
69258
54283
81635
82276
94149
27819
32491
99025
63980
87986
57864
86952
31353
49172
84666
24118
59425
9434
9358
31541
86740
24375
37649
70889
78193
5344
16101
97380
21705
81420
91330
91013
28109
15690
10129
44842
66243
32119
27656
8298
80490
52805
52624
55003
31065
67923
28992
20107
5574
55341
73328
27316
74178
2625
8726
45983
31653
38195
3297
60624
86457
49126
4313
8080
81900
15437
6274
46066
65794
30761
56448
49021
98839
71502
97397
80379
54156
61292
79019
73794
89843
76671
50896
24172
39376
10443
25555
51503
17166
295
23478
8691
33745
36205
70843
19203
64365
58596
4624
672
54136
28649
24250
65724
20534
66322
87635
99294
85813
50014
63563
50765
63443
76114
63843
19254
97627
19324
59317
46995
97376
21613
81665
38738
36420
50527
29424
38735
1758
75767
50555
69303
66947
33156
20767
51919
74903
97467
29115
77657
33718
66912
54534
13150
48062
21334
11285
1153
23990
19164
27264
71024
36811
75929
44080
71648
42797
21795
53266
52381
24620
54175
15874
73066
58240
42503
70798
95357
42626
99659
66650
91408
78322
6303
35097
30111
94055
87211
43497
79326
85768
59147
84789
96713
51004
907
79588
35789
70723
8565
22215
40826
94862
76430
5292
22312
77247
82446
91930
88751
61707
67434
31394
93375
66942
21128
39508
82640
86296
52691
679
9914
68391
18620
85168
91839
10610
38733
17546
50307
65048
86948
24826
30095
5321
625
72481
19384
84027
802
58326
71183
16691
62003
69053
33735
72697
73660
27626
85484
76972
47101
33370
55635
97758
28220
58131
83466
74291
10001
26191
25719
27127
1073
31337
90627
81760
14155
53676
1203
32890
87484
20928
49345
41854
74691
82154
4339
76469
47402
86559
61735
47524
87015
48810
91483
497
39000
21132
65551
67556
73291
2503
62719
86344
97527
89749
75430
81670
64275
92071
95122
82517
60238
21526
62698
97739
28411
222
55405
21958
45884
74867
50738
48991
78111
35929
60798
69754
48416
6428
66863
31111
75461
94439
9729
21755
78099
16618
48559
1482
26347
1109
66822
44443
8619
31599
19199
64778
46527
60098
58489
10309
45094
92488
69183
89858
17479
18891
67402
90389
96655
38064
58613
13400
91067
11
17287
32015
88250
41302
92404
11686
11825
32143
58063
15691
26248
94963
38399
15419
12427
52905
16401
50148
19531
75725
9184
58126
83869
25829
74904
65322
58625
67146
2230
52209
20651
70715
99911
21730
31016
96181
32008
25598
31463
60806
48693
15100
16327
75729
30230
6446
58212
53154
37704
45465
71955
93886
30979
70659
13301
7934
94372
29249
57210
10583
11629
38516
84756
61386
83995
46909
79393
46847
35927
21493
19134
67381
84087
33587
90933
50953
98303
55401
22776
60135
55656
21377
2334
98662
6817
17668
91956
45279
55245
64357
3263
52417
76395
46748
8899
2529
92882
84747
43248
79294
26408
9950
41147
17890
41202
43652
28632
61269
16118
83728
66144
18664
55076
59443
16763
84463
65906
6287
17289
30450
26792
69676
34014
10245
23012
51053
2047
28874
48134
61577
89415
93440
15386
72265
89861
85784
17505
27818
78335
86648
84787
78617
10271
76937
21110
2870
57638
96324
82792
1190
22983
68443
25035
49032
96688
51483
83564
81296
61800
15506
92019
12700
76415
57043
44181
42825
33316
55800
87062
49729
75195
96081
90513
98961
21930
28127
28827
22199
84455
81951
66103
31251
50396
69907
89530
5667
47298
57745
21850
59439
7263
16463
71555
48322
5983
85452
82540
61817
38133
99869
37387
3230
15354
97931
50300
20825
38638
85875
3741
52708
52291
12354
99951
57985
25825
83565
93099
10192
2891
34464
44972
43793
46056
99476
73002
16820
97991
79366
32571
50877
58141
894
53207
67779
68793
91276
91739
33802
18599
27860
94966
85129
38094
57514
64317
75985
73021
28385
88113
85109
51110
39330
1022
53579
68326
95915
36830
40442
79760
1379
76054
38314
36640
72511
89031
96126
97962
79593
76804
60988
55964
80119
14415
87387
16465
31998
97552
81505
85510
89705
6533
25295
71789
37032
36667
51264
20903
27706
79101
60961
88014
88338
36868
44231
85123
5040
25695
14869
86815
17924
69214
42745
527
5395
20562
10805
57614
59287
19052
67470
82589
19431
74357
43274
63179
28814
44324
56015
67318
23424
25273
48509
50134
75299
15612
74034
38021
53219
64019
96113
61239
64486
51661
19070
19151
25474
85686
3960
48548
15196
42211
26690
16658
47229
90092
95679
93355
4430
72076
47998
75166
3473
75808
77235
11983
60360
96669
58441
87600
71932
40181
60683
35481
20677
83374
78130
91032
28641
68125
88760
81469
76492
90026
95660
66255
20622
82348
77006
71211
85173
73977
18255
67252
38860
38052
54887
33990
88643
69533
14425
93720
21312
13628
80442
1486
51792
91331
48072
44125
96299
91502
48671
66
62667
71561
33616
22658
18488
44563
78561
89199
74197
60213
44226
67312
42426
19450
30629
60426
43960
15495
90260
97830
76148
91101
32242
64756
86034
74902
55475
76826
5925
76067
66138
28247
70567
87462
36716
56911
7185
18443
55486
89342
14335
13904
47313
41384
79053
89045
87569
28628
22584
61471
36713
77871
47004
57717
34787
19812
25717
712
47644
37603
28868
69274
6998
49948
52796
31879
13157
12996
895
47434
53279
67109
18281
82050
19822
63885
61777
14026
71515
30696
62328
89550
71954
26029
76477
68755
13726
31271
92589
64827
54249
60440
20657
8275
86050
37053
3374
9247
59157
28642
92645
15865
90383
63131
52341
2514
40362
60392
16554
74238
46728
5122
39725
80879
44949
79378
73373
78409
50651
31878
98449
62479
95684
18583
10141
40081
80794
66150
16124
14820
81882
78943
5634
20049
55009
14236
12286
93049
52827
94093
88640
69724
78548
61456
16247
64201
93527
98524
59549
85538
46870
16070
5137
14709
77413
1866
86809
3643
46479
86769
49196
84206
99638
74906
79774
21618
14210
62657
83446
24599
78311
33806
43728
43156
7159
4162
15942
27970
90046
83974
96129
50644
43228
31558
37947
4418
19314
45984
95540
76782
31568
47850
32062
2915
55296
77921
46921
11109
45532
79645
47220
49012
55883
72800
88702
48130
27026
93537
78388
84499
31813
95093
51942
58097
59211
19079
50538
72525
93436
32999
61086
19276
2233
68524
69230
80019
24296
31921
75957
71081
34554
4864
65931
10198
3718
33753
17072
87405
71730
73357
95732
33114
56800
79581
67585
11474
7603
67756
30813
49800
24804
63415
78489
36517
50499
11854
85906
35658
2556
42563
72965
17267
96875
69667
83148
76260
42590
24019
66736
33947
97579
31545
13189
18127
93890
11608
73467
31987
72632
14724
30333
69923
53356
68980
97747
68126
75207
63142
37276
25574
46872
22000
5630
88066
17153
24812
97213
15525
95080
91102
24562
89131
86878
11251
85113
28930
64031
87572
21229
97816
25841
66495
31294
44379
18512
46547
73149
37589
46945
35400
38823
89929
55834
17213
23422
35791
44088
11340
39208
79577
12400
60797
57646
86643
38960
51485
24254
47869
26389
61429
54614
24201
53404
65659
57942
71662
5549
99082
23511
71788
79695
84475
79530
66408
78797
77215
30861
6919
25482
28431
83814
3461
6090
71975
90094
13223
52765
94588
72794
30577
6379
86316
14141
92457
13467
57663
64288
90368
58904
62276
49764
16436
24962
89756
60183
15021
65596
42013
97429
75375
37395
63356
27610
38540
13650
51726
7909
67234
25195
46162
99680
14675
28199
14244
23827
68807
26216
81911
9972
36526
37067
19875
74134
22545
94053
10607
3881
33285
8802
30672
71210
25513
91778
59861
82765
96223
51738
47702
77104
73691
90071
97182
26337
58173
870
49588
22510
337
38016
73394
45309
39045
3904
60667
54309
97460
84327
84165
21628
41106
62815
90044
92300
97738
40438
94927
7626
179
59862
76595
90655
25761
7992
95751
50989
93837
20379
42185
62506
68916
90979
64958
8327
11513
74292
1525
33027
94425
41465
78587
31499
17847
91738
40380
3456
18051
66597
65454
54143
77219
65285
36697
84228
58101
78023
62208
44224
28352
10017
81813
41454
1427
68270
24493
54105
23641
21381
41695
28275
48646
99483
96979
89977
49899
35043
71167
42942
44326
43434
95901
94981
37703
55563
56838
6677
66106
85793
58775
95980
3023
85696
29523
70633
51520
28698
1477
16956
30399
31050
24005
55887
45216
44013
79120
25063
35549
32182
9741
48238
78701
39354
65385
84969
95301
95600
47204
98766
58213
83106
47102
93608
3015
20203
69386
90599
43277
91247
4273
48723
75540
56889
60809
98879
28774
54428
85774
69669
50539
1102
40579
45571
17425
11201
36737
39031
11905
79631
36162
76375
65520
78268
17378
23558
19097
51611
75135
62182
53925
23972
75397
86937
80223
85652
92251
18744
38096
56277
40538
4014
4152
71646
83613
32581
19341
7937
43591
95410
95065
71541
57466
23419
20084
59720
28126
21240
91042
52063
85721
92707
49749
47645
61945
44803
18363
35869
94524
46815
1719
3404
30288
26021
19496
61940
66160
56665
45587
13662
81149
79365
95639
24194
6316
84108
17404
29606
96730
90889
44081
30396
75304
68031
42616
96244
16766
66269
20793
51583
65487
9287
88381
98340
94807
58679
53132
65710
25817
44308
9630
73452
24320
87030
92060
82399
7142
58659
9655
5291
92222
23405
56057
57617
80159
78887
78272
39688
46050
73226
70985
32330
6748
9476
75273
6000
94575
45000
32525
92544
76507
78503
97244
34488
56142
83931
27038
79503
91528
90321
36631
5320
61526
67055
73510
60851
60139
18039
99347
36993
4261
41754
7984
24304
95969
21610
96357
73286
89678
42014
29909
28894
44588
66883
29716
83420
45947
83926
30585
19204
46583
50297
59192
46317
82256
59516
7355
50988
98697
21031
11122
92434
60232
75697
53704
84906
88683
20711
92911
90541
73057
69101
37231
40642
70
36643
99571
75543
94137
51392
92320
71962
17060
16239
36361
30071
65828
45134
21502
28380
5686
74375
27600
56817
11797
9926
6921
39934
91166
70233
42828
15060
45607
77487
4693
55604
61757
76340
46947
89557
85830
32202
99453
76744
11716
45097
94762
72911
18134
81166
2639
13154
65881
14833
20750
85858
54914
78571
91892
44844
88957
81304
79955
72811
48628
59321
7845
50697
18031
62813
43042
78157
96751
94028
62631
64419
29189
72430
25487
11367
44192
51038
28122
47176
73759
74464
34229
20668
36531
31248
54895
36122
17059
32990
29913
81612
29533
69792
55616
78791
79381
44110
30418
993
23062
12968
56244
83860
11545
93425
74742
32576
28653
28235
10609
31732
96771
18817
72646
36734
24427
71890
71130
64371
98780
65449
61870
26808
66271
41959
7092
25955
92305
6253
76661
42512
16376
11052
6399
15082
52319
95397
36887
9457
63776
53158
99961
75820
98215
8903
68652
37633
98132
44168
54705
5935
39683
81030
94903
52131
24340
76634
40171
600
15566
87232
22414
7220
54410
99015
95243
8454
18750
33297
27322
80260
85060
66464
85206
66193
50133
40735
184
49255
18965
96709
6242
58571
50794
63335
49020
27930
56863
34798
97223
80434
59926
45734
50283
91659
82860
37469
18116
90160
43008
33491
53344
78416
30933
74417
49984
57322
98545
77637
68203
3454
19972
7907
33525
18641
30244
23888
16171
79347
43951
82344
24868
66311
96546
31845
57622
48985
94816
36317
1233
44559
78324
20264
75172
92693
66812
10432
50432
93842
73937
87270
88893
64710
42202
2489
87131
85939
49765
69719
49726
37680
36522
48526
63455
76920
54798
85422
33145
43030
51160
3511
20577
20900
65471
51446
60328
9227
72765
75669
50764
13647
68754
17980
93785
71539
42142
9544
44313
88173
8486
83987
91297
84627
44836
79373
5635
7508
12734
60977
3602
63636
75586
73224
6086
31029
84558
5390
78901
46384
92830
18027
42698
60536
77572
2486
71900
13099
39096
55578
81061
42461
4350
10570
71346
44405
41192
47379
85641
44717
53618
94171
56445
78219
57179
35689
76750
55398
9973
78534
74442
65469
65892
7557
65862
26376
68572
95623
12592
71734
51045
47319
90503
85011
67369
41957
48965
70265
33120
52566
96150
12921
86342
76225
57826
40915
57910
64771
77866
5950
78132
86320
53233
88847
28722
65618
36472
46201
92898
71558
84656
51560
90703
10499
4257
11836
39305
79700
91514
94994
66213
54554
69736
61717
85509
90616
45162
6183
68675
42770
80532
3216
56938
21922
1650
31395
37958
38322
85504
44020
13247
58984
45654
59457
5413
32779
79813
11963
76101
94732
6356
38151
11607
24336
44284
59937
99551
45478
94867
24718
46409
51657
63357
41674
64701
685
80392
37448
16187
21067
93999
64456
11599
53928
81940
79595
79570
30876
87790
98819
51674
10195
76376
94205
89761
91595
33363
49955
77570
83907
58575
44391
86514
13281
97069
3636
99472
92168
67603
45098
60227
41587
5760
97556
54882
21299
39432
42274
36929
23600
80552
46415
54693
39253
47581
27109
64434
53
72067
45720
4054
79812
80149
77971
94751
96597
27565
1218
84476
89439
70038
42862
31033
13761
20358
66044
96001
51491
11120
42784
16654
47622
11199
83726
25887
84054
71825
31746
48496
21295
87904
63447
64224
335
26279
69972
48174
93763
2304
22280
96247
1475
22275
23514
50407
86358
23372
74641
88580
25725
97611
21649
31495
13928
5448
4422
2125
48566
70813
39610
78473
9839
37041
85698
44398
22536
77121
69474
21682
43494
33059
80611
12878
13165
67194
61489
92079
5282
55162
98968
63698
59857
38490
14729
97559
2640
20336
89721
27408
76466
58513
21543
60014
93009
809
87418
44817
97595
11589
46160
85663
1888
64245
91377
26957
39042
52212
37043
13190
9044
36560
6798
23219
89629
72197
63144
25549
61967
83787
26485
90587
4560
28564
32349
53767
45515
37610
99004
14604
71001
26261
62549
93350
70748
52944
68494
60184
67065
81763
94453
68108
91924
13673
16773
99863
75112
77659
26522
84396
37402
97677
68736
33779
31414
46520
56496
49451
67386
29943
53981
77901
12807
76632
120
27387
76346
38506
1358
47620
58833
37760
48334
3946
56358
62807
21454
19129
89082
96798
11532
65426
50453
35849
90749
89738
13798
17411
64621
70739
77733
23287
34766
78985
86600
19945
68775
96387
87076
68128
77728
46818
4768
99507
36528
13193
91161
58977
45973
71622
94315
38579
43769
22294
18683
94988
71099
84594
3913
92493
34145
84610
9005
40838
86498
10969
2316
84258
19836
97968
90716
10895
11127
29489
42684
45825
41923
39155
78684
49161
3143
92095
20294
38105
27326
64280
63331
47913
6852
87166
69097
98285
99875
91992
91568
96654
74916
66838
78522
85642
89544
81041
82723
38987
75107
25218
30891
87038
47692
13077
80521
34254
37282
92045
93644
35739
62378
11809
38433
22941
9241
20652
51554
92519
66198
5912
43775
40282
68827
6735
42649
38934
59063
2573
53082
55085
51170
20155
77234
74138
90427
86432
52885
3176
48263
11617
65141
19631
33519
41137
66197
30272
1476
93956
34548
8129
77653
8576
53673
36550
90875
3050
40045
42747
36784
64148
43877
56567
44091
16042
37377
57869
4699
87028
76494
95851
31307
61289
69529
76736
75942
97164
32531
10617
92241
60630
28
27392
42972
5948
80802
52216
83710
31333
76215
49939
78710
7649
89918
72792
60231
40093
38083
63860
34458
69563
47356
14632
90946
72166
31598
41414
28182
77518
93170
67995
75138
49909
64159
2607
8436
88256
26172
21210
2157
84267
44331
90762
84559
85519
58449
80381
99878
84212
1861
69094
93279
49301
99436
60665
78233
38766
12202
30863
49783
10843
25146
1478
11234
51924
56715
54043
92061
86273
45355
33815
5762
8874
998
46507
15290
13610
55537
66033
2527
69435
47979
37161
95789
17152
55403
99079
30214
57556
20282
28360
6604
21248
94806
30803
6608
10705
37052
89088
17606
67833
32446
72522
24366
89278
826
18052
8660
43492
58397
67587
46440
86487
81108
94769
50744
39119
86674
65070
64695
34289
73367
78239
26546
16976
61849
28506
62269
97475
4971
25611
11699
61028
75407
33889
5150
99753
55664
93453
43962
24175
73493
51158
64256
47969
82210
23768
44059
71772
18145
85260
96047
36075
28485
98207
49869
62629
34243
4924
6821
3713
42826
98088
33627
71429
10047
89178
26892
24253
92823
41021
72212
63701
94996
30888
20113
95797
67575
37984
97303
53246
42923
39672
20703
87816
21076
9296
34736
9052
48737
21129
63336
7938
7336
1352
9007
36040
70885
17355
51570
44128
64578
60132
57963
50930
29311
58789
31606
58455
88349
52361
64139
95510
9231
35074
67032
88890
52005
74632
15866
50618
75443
42344
83924
14945
31004
4380
2600
92865
91223
76473
26412
80255
86258
88120
44634
61503
34202
51487
99400
19561
46406
92978
53318
89121
9264
59557
78469
8875
12112
99945
56768
46990
65211
87989
55852
6172
82019
98195
87438
44610
15650
41452
89752
53330
42922
84698
16758
38668
67547
38956
91111
53958
28590
17802
61786
6532
98990
29567
65075
80576
46787
95951
1714
52326
49579
19879
63897
9765
95429
36438
3846
65854
47578
24924
14130
53991
88438
47171
4536
37793
52726
61895
27732
86871
7765
93998
51023
25263
70581
57374
43959
23741
60769
27517
61081
7061
51746
79357
31349
32666
47217
69942
96541
8194
11604
8089
59474
16576
94129
62466
33577
11663
73266
36570
58338
37405
68076
65255
41590
77965
74735
45434
68231
76080
79525
27288
78263
29613
67341
69956
56741
58026
1728
8570
23616
72332
81949
24641
53734
27878
52310
56387
62372
80351
13864
69597
31427
46900
16720
44992
69275
65249
55980
93684
78281
61035
18278
89722
48626
45132
25138
10855
24203
17440
61315
72389
14023
16814
37121
73095
96379
54452
2323
61892
8123
83047
28135
49169
67428
17618
28879
22713
82696
53174
75666
36549
15016
17989
48480
73470
69964
50913
38182
27917
39029
72444
64980
32287
91954
13310
19461
50035
9988
15370
71098
85433
17507
12736
50579
9343
14102
6208
38214
21836
5777
49836
99958
69825
62484
49174
32306
15025
85961
2980
40152
28659
63174
31087
25447
41769
90209
33452
87299
21033
34100
34126
48602
42328
74713
50656
80737
86422
91423
63320
52280
9838
24666
27864
53346
61837
97644
77417
3954
45521
12950
84549
31666
45198
65162
89546
76095
10601
85804
36074
91572
92162
38652
63738
68481
15073
82946
36009
22729
19804
4919
41667
44625
83414
27078
54780
69209
19733
62261
25092
1452
13361
20311
69162
24595
31802
6648
99777
23126
25595
79416
28503
84710
10335
80144
89643
69060
98778
62739
58117
65988
1483
24176
17934
52124
241
62174
95204
25118
94219
33783
22349
73324
62495
25713
92704
88295
88169
12633
44809
21016
90213
20732
45795
57440
4491
75395
12180
8043
7058
11624
57061
44278
96313
77484
87605
88225
72929
43264
39462
23819
95078
53074
34608
43160
42366
22688
53895
94102
82465
81354
80989
76690
77208
50228
52821
42242
2624
11778
13949
22700
59845
90700
66476
54960
23891
83821
15369
14556
81366
31296
35529
91704
73150
85188
25243
46214
1449
47872
48686
60030
6732
83764
23849
23055
66221
60833
72640
67412
52623
22679
25418
99632
21879
45237
38018
27401
84243
31369
91459
57703
45643
79486
52197
39529
983
34610
43198
82735
90379
39190
412
92700
95091
70759
17954
45589
79740
59890
1966
16636
45980
14681
62879
90142
74489
52031
94931
14567
20533
46165
35816
57025
21382
72125
48140
1300
26327
12852
38590
58591
51890
94631
84691
41589
69358
62847
63856
57919
47007
53399
25816
74977
40261
77282
92660
24315
17617
9331
53052
11780
12498
56085
77554
17314
51574
8147
68493
18175
81068
10181
62027
25205
22576
932
91854
7773
27492
63825
48866
42175
52096
56479
2322
76450
77672
86570
21374
65756
39066
43819
5859
73646
40989
36232
5123
76529
53701
45078
62181
83375
39271
9337
86863
67304
80713
91927
77838
47736
99370
60335
63508
74400
96822
81461
30007
61350
83693
97309
63395
22855
85241
65411
95910
52484
3389
50188
58421
92892
98173
31018
92099
31005
72290
58936
78014
55598
39886
97246
92138
60870
98993
21403
23337
58504
84079
88761
12253
17305
2536
1651
51088
97036
97094
41720
20775
79265
63712
84915
18665
86882
1552
78907
7589
9668
69091
99857
41188
30562
51369
83827
96117
97464
49859
69559
76104
24944
16520
19956
3522
71520
87873
89096
50420
51469
21582
62007
81628
26840
21021
88762
5174
45902
76521
61004
62117
35818
77384
32763
92368
66931
96929
9304
27829
70323
92890
61864
11770
94975
26556
71016
49987
22563
4098
18902
8138
40806
52254
40187
42207
84590
64945
64949
88727
22015
60692
69407
81393
39124
32081
83121
13045
16518
80277
52907
23379
23875
89393
58090
14199
63727
83280
92446
38180
59010
97337
48407
20446
45656
41875
30107
91110
31859
37253
73518
15569
23108
351
69308
85928
24686
19415
12140
66258
88916
51562
20713
23349
66072
7231
72453
28328
15782
5703
14705
6662
23029
29453
80980
44469
36609
78158
53864
92985
56482
10826
71276
70822
60414
16398
9822
61882
88953
90493
3169
5398
78955
22893
42569
71432
32127
41335
22772
14687
59253
35848
75746
97175
36672
60270
16983
94178
47812
53722
75244
31230
52079
48594
1989
1304
5987
13328
13938
53574
87371
55740
78810
8493
97328
60000
65565
32341
83311
33637
25491
23595
31372
20560
51734
38068
95544
72361
33822
86387
76875
13933
18148
62982
86216
33310
8304
75961
47611
43908
40550
16776
79082
79840
51285
70792
15355
32323
93542
1302
78837
72570
30837
84725
54466
92496
49512
9722
65504
6339
17519
35356
43827
78326
97891
9794
55080
75632
84681
21560
28754
98610
65445
51585
29833
75120
48057
21154
60131
7080
71353
24905
54132
59913
66222
37845
97054
33594
31310
31546
59863
21398
34152
48512
96659
5650
57078
31472
93106
43370
82063
64407
46910
73026
45091
67762
85438
87249
38482
96967
19868
25481
38973
1691
40645
22735
37933
60527
72881
92098
90981
51965
87852
8301
92484
98001
25433
10250
26641
31465
53973
1742
80952
97059
59930
60259
78090
49527
75075
71855
95228
54165
18474
36924
22471
86475
64389
22766
89102
66186
56583
90907
9996
84040
83058
20630
53443
11650
67882
92640
13011
666
51174
61331
47457
89561
33436
38855
48270
80286
81653
72577
68507
49558
53665
20375
95160
16534
61772
65526
77290
24457
52335
29626
33538
35537
38682
21715
6178
1445
29806
78346
99559
67102
87059
7916
68105
11772
87383
54449
88796
10507
3310
32719
15017
42467
5208
71875
25620
22933
98922
79897
99390
88206
62619
3908
43730
9726
18435
31041
14303
35015
90759
73836
63016
71082
33151
86329
24113
11790
75877
68356
18792
29088
56112
13567
52449
93509
16023
49333
75886
77013
86269
31749
4375
45981
33973
33167
3902
39220
8969
89136
60275
80615
12876
43641
31543
19223
6278
86772
92612
80319
70872
30228
99398
60578
14245
6345
15716
62267
89113
66267
94109
51663
13789
76154
92258
33917
24237
42799
24041
54478
80947
62077
72149
88732
26254
85747
62130
99583
78579
87689
90262
25976
55793
22541
21478
65466
40139
60065
16881
99195
25320
47876
76235
99976
8448
91735
11376
98116
60944
10307
47275
55123
10015
27653
60388
60395
35376
18700
47088
63768
87607
13009
77833
19205
4908
50986
29610
51842
14575
69185
54862
62622
77039
10846
79394
75196
86636
35490
40619
90091
17318
60540
44908
27576
40556
54640
81157
52334
99343
41314
137
12573
73743
17495
42437
52497
82367
11403
1281
29402
90234
10679
93475
31368
12565
85810
2545
56072
43815
40528
71817
23072
87168
56338
27662
18154
98986
98115
78845
65448
46432
36914
66590
92322
73401
25420
15538
94417
76038
66147
2730
83624
76712
11803
93846
19637
79073
94180
93571
41711
51048
91646
25805
47860
16420
35935
51665
19117
85055
77979
85306
37891
52573
10077
92146
13585
57875
28416
557
65226
13427
26139
66909
49885
89737
82992
38406
73801
3793
70574
77502
28764
13450
50682
71290
27213
56786
39095
46736
39254
45221
99637
71969
83777
48227
3880
17008
37424
21500
45262
43767
73789
65094
20145
74004
91324
90038
4550
48079
98910
9931
2399
50273
2288
17481
71449
70752
56464
56543
72769
21567
56772
78934
74383
49027
71645
27191
36520
15283
24950
11877
5570
35809
12162
52864
33489
27961
13849
61475
55218
87113
25422
31966
83127
70302
11212
80350
17763
13234
48029
62789
96036
70875
91284
60100
96436
90898
13473
36483
90986
97313
55771
93389
95562
33149
44039
40313
95388
45865
11237
95326
44393
65703
6034
53516
65039
7665
85179
73199
72571
77860
8605
47126
4877
74740
46564
7668
69922
96340
14438
71810
17958
3584
2148
97846
34547
79509
48819
73697
79672
35126
34537
38811
194
89797
30553
49076
67004
21852
41228
19657
79778
13312
40217
19618
90823
63033
50648
54078
9936
711
69766
5906
49377
5879
43252
89763
75533
19092
85739
96627
59286
6602
83945
7886
56953
26908
76692
20066
87544
40741
10604
21787
28012
17315
98627
90816
8863
82206
69056
91367
56423
75087
91965
26454
54188
69024
10098
15391
13195
75619
96518
39366
87626
65901
96354
73080
69126
48369
6189
86834
54541
97161
63750
35368
99186
77471
25509
29783
86028
41018
29265
41702
11969
87442
30292
83333
33591
62309
47778
49016
8608
10347
79254
24208
49506
17050
73531
68259
36320
93870
44211
91022
81902
57863
13515
5537
28277
14917
66404
55741
16992
39203
5329
43889
18814
27351
81881
67460
88705
14151
80965
28265
29167
71637
7364
89657
25083
31381
6591
32854
91594
86535
11838
61752
70319
78637
56070
17819
24717
84532
38369
17430
28425
7105
73162
60149
1416
48018
45424
79343
14003
43021
56469
23262
55914
4860
6304
20087
59513
60807
94197
24783
96002
52230
84636
68171
26477
69326
57086
57113
94071
58889
6441
45944
74592
68032
98421
69783
81077
8099
76723
16501
32528
61540
30238
26888
54868
33107
60534
76149
61467
82360
31900
67895
31685
58506
32354
66439
44917
11099
8165
27130
82849
70153
54648
43602
41038
88052
78124
19629
64967
47625
88106
14052
23290
34705
78745
33076
7543
99539
42224
35309
21936
41685
91619
33438
57234
65740
27714
41500
11324
55827
99966
400
11132
16587
88585
80226
66884
27737
71948
64719
98737
30657
7707
67056
30856
86709
88200
98622
37583
9366
99762
75260
60614
23677
24544
98854
79739
92413
69496
46911
53441
78505
75213
89463
23873
24449
62723
34049
24961
62166
44711
45945
54087
43188
86987
3245
56957
67279
99657
47650
41824
40343
61170
26114
95895
44095
2632
54606
87509
12982
53307
61219
63297
2932
47500
50256
20484
84439
27883
66522
52285
41684
22145
22043
43422
20441
89408
37600
68067
71049
51913
87389
29504
97737
24603
46122
76268
12524
82687
71396
8566
2728
61165
97832
7519
78353
81078
96148
89710
6601
45399
8145
62468
43444
52065
41475
16199
30201
85540
22106
43005
49991
47148
92040
48228
37013
88193
35918
93944
98073
45437
30922
96982
19734
20574
66658
15851
74909
31815
64218
37636
57526
38760
48926
98123
19856
99348
70428
31990
88799
95896
11334
84813
94888
19047
49420
92292
61210
35710
20614
61146
30446
90384
55276
68097
62308
94212
35831
54856
14998
27915
81421
61087
39660
64088
7885
68624
81079
28845
8973
32754
36849
26123
66746
26401
37417
80346
64619
45950
45468
59934
75280
3962
43132
22377
59472
28373
72105
12279
15806
65519
55680
41478
87073
65517
46009
37543
73005
39662
3781
97964
8125
88492
59164
45546
24890
43917
81891
70625
86958
77652
74514
35089
75651
30134
25207
34167
63367
96629
28481
22050
4704
99232
78370
52423
11979
92358
74349
9867
99073
18731
17550
4503
57650
49447
34975
64086
9902
87726
39499
64082
54150
26726
43619
66523
60467
9593
71324
84599
1034
37613
66591
61382
95405
85085
90460
50083
3589
97554
87427
76195
48981
62056
62101
64728
21056
92851
95100
55411
93035
22500
90307
72145
65236
72866
92571
74037
39881
50844
99010
46211
70876
77799
61201
19709
93164
69469
10652
88332
56342
63647
56726
71952
10200
11338
11972
28066
65709
5192
49132
89974
53042
69914
74463
90514
63113
53881
23019
21805
89545
32998
68359
6115
23185
20041
7209
96540
48785
77705
78744
93605
49962
17296
92605
78248
76853
63889
65515
45956
10284
75915
7387
16228
63192
50724
75623
9162
85203
22686
64976
19905
47533
45955
29345
73337
54264
62995
48396
84768
52032
73381
26785
45179
92041
80685
96304
96222
73070
89923
25617
75674
82455
13196
35842
25580
62083
25292
35085
1188
71331
3487
20438
93038
90330
13117
84816
3017
46318
17119
53815
70240
74163
25053
68673
35384
41372
64093
60346
62758
10074
7190
81828
37697
17239
60981
66475
4579
53929
21367
93406
12896
15396
68822
22666
25414
13058
73903
52257
55079
51130
8585
32929
24875
85315
52857
55233
77016
76146
10110
35914
27660
40975
89897
3993
83400
42399
19851
5670
17869
88849
82559
16225
53345
61799
95130
75634
58360
47794
7033
11225
1598
10427
31675
14230
37401
97750
35716
26934
52338
62066
3003
30513
7788
68116
32456
15802
57227
33462
962
12119
99194
72559
88213
43818
70635
57404
14392
89808
32888
18953
15831
73076
4530
90985
46778
74801
51329
28924
41689
66306
30529
97817
74172
5726
9419
9568
15455
74874
67795
20386
98555
80962
6290
64636
55759
33236
78390
17099
76423
8928
15572
60198
24998
54962
21071
79854
717
46376
68940
74870
77957
85754
14261
2842
64746
18060
52385
70069
79432
29895
19009
66621
3420
89074
15271
66309
28600
79314
22190
75223
70996
66773
34634
58908
7935
26580
43826
19137
59600
90483
71672
4940
93581
91732
55935
80688
61611
31671
94596
12980
17054
30908
45908
46916
33949
40810
55745
17409
35417
14123
27639
28900
85807
24860
15750
81757
41833
9024
55191
55660
6265
42400
34574
95545
15622
30559
36814
49470
22806
88763
82298
43781
32604
58111
81556
16685
87866
29456
12483
63988
29775
3862
73323
7338
77214
87674
54983
69513
82371
23024
62858
9348
65720
89983
86360
52188
32594
23626
56060
85061
8185
21481
30224
40329
46820
90439
75480
39992
1739
69982
30811
34628
99834
46137
95936
52145
3088
88139
10953
94779
60623
68721
57074
42162
84276
17856
99147
47329
29519
36893
69503
51081
18101
86977
61008
54199
47740
93618
85053
82090
1631
71587
74047
21343
51677
65810
49908
17224
41174
1215
68709
23614
91020
87439
25244
36621
12834
32510
51086
9594
45226
59482
95464
98663
58197
53711
92676
92201
71814
90750
15757
1382
70979
69921
52262
37135
64766
75733
13763
86822
9006
62731
91508
21781
5968
93844
72174
70150
4088
97128
50754
69553
45664
31239
67554
78715
9265
42003
96089
41946
98789
10715
35392
13095
92234
42119
84637
70828
38497
16927
73707
54038
4362
23877
31806
43348
31564
68175
14741
33023
59751
22539
36087
16777
97772
76889
11584
57521
31069
60347
50710
90299
41099
18063
17301
94741
41891
94088
70921
43983
3057
11415
52873
91566
20938
57046
79965
79452
29376
48598
54509
75949
31975
61720
7533
81417
82948
21895
34390
8395
30382
75045
462
6250
95690
87097
50901
75081
87971
32773
72059
16039
46961
81753
33743
1378
97814
26020
16091
73625
53953
75295
16918
60436
5360
66305
13842
31563
99520
42989
98310
75781
72102
14082
8385
45364
64307
81133
70234
41670
90004
54853
34478
17408
97493
87341
44366
28765
21258
90883
67058
53861
87239
13129
89723
64866
90323
356
92022
28699
93301
31416
21721
13725
67420
90702
48554
50072
24091
90411
58305
89406
36352
17451
88394
30635
34935
33054
64800
92176
73043
22800
57027
51754
61921
43533
29
50742
23728
92774
2348
23907
27700
74767
82489
7863
68180
76964
89317
33165
13758
54702
54084
24479
65663
64983
59625
80405
78094
31738
21315
81735
82480
899
3520
30455
87888
41307
68011
93264
16007
39302
9373
77633
85756
51482
3764
46573
46795
58099
89147
743
58555
29003
72264
52396
29763
54799
99408
11949
90250
27867
71986
92178
23131
87082
73958
59314
90300
68088
73631
72716
30574
31722
29501
51118
91807
48141
46227
37117
22166
28031
90993
31941
13698
73243
64213
37462
34348
67678
11414
81695
13306
26249
48059
86647
3628
44329
1158
77437
53892
38332
84956
58687
85608
81167
11509
73916
31148
66377
40934
44960
12515
37866
63391
66786
99282
71761
27520
97067
16994
32812
99743
54623
97171
57865
32014
90358
68472
11184
29350
85467
80546
60489
75716
26304
39903
51816
59636
86437
54044
63916
84841
64998
98357
66777
58460
37478
45116
41219
10199
32381
61076
85319
75279
70978
18865
89185
91041
95167
76721
89293
88949
48922
95547
22064
69963
7893
93100
77553
35553
27619
51054
27664
26397
7477
58096
62013
84540
93948
22200
31340
64250
82915
55690
84833
92540
98985
84062
20035
61234
17706
8209
60298
17619
33234
8678
28434
17959
8990
80404
3800
24317
26372
16628
93125
2890
50437
3864
77655
54380
8866
69656
62849
66375
26190
13219
58285
42360
18431
8659
37189
67349
46586
55501
36938
40408
36150
60291
57628
88296
39595
65103
54413
75630
53150
9876
80291
56386
19491
3834
94744
73823
2878
4780
65889
74773
11788
86374
18928
47002
78976
6980
32204
33892
46500
31928
11773
79839
85620
1894
94440
91058
53519
17255
61319
15946
81153
37096
13324
14650
40724
31983
67928
57343
72331
654
39985
40783
51988
35193
71813
6519
7652
70907
32482
8279
4082
11698
48399
44944
86461
1834
34485
7284
76678
60856
85609
20519
37545
58336
65674
90141
56525
69068
88756
78756
23220
46306
78175
35377
95503
67862
20734
16765
86520
39526
57708
34233
80182
79327
58264
10360
35355
8406
3980
6469
88254
27768
72086
7972
92819
96506
14847
27085
32018
55367
69506
59854
81238
28799
28920
47653
70097
2001
12706
71866
37308
24895
61040
45614
82875
56776
43134
10418
42575
40414
79001
944
46867
36433
44858
26738
96478
68771
46516
70327
63976
95221
10018
54514
58814
28177
70590
97901
48964
13462
62763
14498
68098
16390
96287
53314
8437
97049
90263
3708
47856
82911
2675
35382
76134
45189
55376
87771
92523
83183
20090
79474
41610
22841
44219
12479
21212
41443
56424
57543
66676
1282
52162
87935
26336
68350
72962
20142
37784
86271
36408
82234
70087
79002
13836
45979
5361
79611
56646
5406
68570
27012
50118
19119
62956
86202
59137
88887
8367
82702
34907
18798
66699
25971
22269
59232
85443
17069
67663
70588
658
68796
52663
97418
24871
73795
39135
68431
90079
33139
14320
38471
92974
92464
26466
36760
80141
63748
54508
89453
19338
73700
49354
83320
89783
58370
24363
97610
26097
4213
40514
35433
35213
62570
27811
29581
85401
72406
2971
48610
86569
31462
43288
97012
32169
43748
2998
91012
20844
74993
50622
20510
81457
79583
89297
33696
52729
7380
44813
27283
20598
97149
27302
31585
86293
33694
98318
58270
24843
15264
73640
47642
39091
4123
80665
76546
83099
16573
1421
41148
6626
43060
61624
52802
64178
4486
78249
3133
88216
55359
89516
55366
71489
36494
31842
96390
3932
14929
49544
47630
94266
36066
48485
98178
95880
92979
26155
77127
85427
22344
29847
64133
50681
95607
36947
21142
807
34309
51682
275
37980
95435
15276
89696
49248
43196
59771
93118
82131
88122
96649
26796
20681
71035
15323
2279
93574
77981
98626
267
61215
12680
54071
98692
8081
93774
34223
61756
88262
63287
97827
63880
78709
73146
50493
90420
22472
97185
58447
28673
43472
87767
53920
15342
82415
33915
26164
5977
92740
7831
36363
58757
89663
1438
15527
43365
69978
55882
62317
69007
14419
56662
81099
87881
469
96410
47490
83317
9963
49154
29821
18969
74529
75790
78266
1125
2979
45756
49080
44866
21366
23060
53786
47128
27197
98074
65513
97503
7229
28164
3668
47841
41445
12519
40833
97670
45021
49919
75414
91574
24790
37283
25839
18768
48363
88911
62406
71818
11970
44513
50773
12028
31981
70238
19227
76399
62550
26075
96857
26042
64648
1088
32823
26080
57770
59363
54985
59841
84329
97715
43714
95609
9779
9985
11098
51377
8386
44030
9251
71600
71940
44783
18056
51481
93695
4854
93340
59153
14022
56795
88422
96988
41708
22243
35585
61557
18630
98004
36089
74338
40221
68020
16958
72228
82365
14554
23455
54146
26225
84464
6631
79468
7812
43700
60842
11406
81180
93478
32735
95560
15418
42073
18404
59158
98294
71901
90180
13027
62225
59089
87501
71834
64239
1922
65148
45474
28904
1206
33555
45783
29253
1123
38491
26286
3229
72371
90292
81435
20538
47801
3243
48449
6880
70961
86686
49945
78669
44899
75806
24512
76609
40412
47933
4599
28982
8730
6376
93395
92088
15059
43445
85390
92853
59483
72851
28348
59462
67859
75313
44450
61135
78900
14637
86459
38758
23560
50593
89706
50959
18903
36274
17660
39245
12154
79132
63963
82078
66758
68873
33337
57121
2702
2364
54954
14732
50226
29718
51859
30098
40426
83826
5789
64461
60754
8432
92829
68064
47481
23733
20230
58371
25733
89604
5606
53491
9522
65992
51713
74715
55772
32065
72473
59282
61364
47228
36023
8835
85820
66550
12906
23128
63832
99566
27149
33204
48357
20569
36877
92247
7857
64010
69199
3174
2779
52753
99092
49233
34382
28026
58732
11057
55908
7309
70878
79322
10772
25025
34794
73924
13013
40617
47727
19278
4357
7428
84489
65085
52810
18411
35345
2263
43384
84138
85536
69692
21573
26532
34812
63888
15068
43923
63581
85737
53636
74404
69282
91742
59622
4058
12386
64902
90370
93093
2336
47011
57054
27668
20213
55678
94406
62321
50444
52883
831
62803
47486
93989
20206
44101
37593
38542
69855
39689
9964
38676
28682
84116
32451
25468
28702
63393
29899
45302
81566
37321
25894
70157
71487
96152
79193
33730
75368
46907
6573
25557
50497
35622
10599
37318
1500
1259
69388
70155
10631
758
60404
66707
98407
38633
53056
62054
24695
92677
77340
61271
58786
28686
25162
47696
27764
34892
31200
22702
21384
39503
53022
27982
9785
1594
73747
4783
52022
55904
19660
57565
3760
6971
40986
64629
68300
13814
9155
81771
53591
24444
56252
13369
86160
56552
7644
82994
87711
43020
80113
42392
35138
64540
81545
45686
81829
27541
50218
21489
91928
80525
10606
81643
84306
97706
70071
14782
4771
30023
30607
6890
8550
61960
4089
48540
50458
25827
19970
87102
3990
82704
34173
95630
84344
789
63273
77556
65907
88635
55983
5134
29844
7399
4619
60428
73594
73682
68046
71053
79953
77140
56617
64703
55331
21313
60750
26545
56597
40682
88977
7711
84842
26627
27237
25132
34971
37486
83422
42335
39312
50536
94965
17938
2217
6259
90446
51649
74692
69818
30135
4975
63043
30051
53527
74683
67818
59188
6354
78223
561
80759
65034
88414
18983
36976
67001
69455
95939
62539
7602
16270
15203
94492
93380
80960
66951
81874
76734
81719
34938
43007
92023
69806
36110
42515
37213
94321
84284
16533
30848
91196
52625
87259
3274
850
53366
9159
49170
78297
11064
995
55573
83878
49406
16661
88567
58821
20157
24507
3221
96185
91264
93607
79315
97993
80296
34195
73611
46672
52445
90137
31301
23866
49219
41764
46202
22652
59345
25602
73279
98270
56239
51637
44482
12327
18910
70669
42180
91516
81491
18890
38589
8244
47628
64825
62099
21296
45575
41639
12433
48180
66331
21350
67683
46987
95519
63374
13961
19742
6425
2016
88713
20027
9634
82209
7694
75861
49643
99315
87094
98681
24246
3364
51911
48039
25148
59398
79660
4079
83925
76354
11069
28057
51954
25457
68475
90232
27953
86479
36108
38932
52656
93895
71318
15999
36597
16811
78332
69844
85059
42596
17400
66423
74869
39463
77777
46253
3014
68233
51263
20660
9261
59030
70250
40499
63614
80815
52189
7710
4036
14294
18472
99404
25911
10799
85552
82924
66452
10955
83342
40309
70501
19006
66030
18688
74564
13713
57501
78142
22265
18538
12269
33007
85855
1520
57437
1511
55264
48226
46033
69259
777
58716
27647
73229
80221
35395
61277
16329
91549
15042
21564
24123
22284
67379
70863
82082
14187
71013
69252
23225
18631
98902
77159
89816
94138
78661
1465
18692
51366
99737
97181
67204
41626
91690
92993
20431
65572
1836
74690
4284
14274
13204
15551
29430
90432
12923
19065
86903
85480
18576
37623
98161
48824
91199
55419
6056
34466
65431
16966
37134
53281
29916
31873
48197
27500
4324
69314
7521
35641
4048
65733
77445
10396
89334
72348
20451
90794
84685
48375
15470
92848
37840
86531
41215
72011
96318
32286
85106
47624
24278
68058
19685
23905
15030
26672
42554
15744
83933
52743
24969
53388
65711
18578
85344
5783
55164
67385
29886
26567
75550
35708
68057
7518
34144
98963
65047
73993
60604
34098
26148
79734
58320
69027
45002
55319
13215
28701
3412
87806
75177
90318
47349
38693
11975
31002
38043
89157
79162
12079
83603
2101
29287
53222
84266
49570
72551
26565
85573
41225
59626
95826
18407
78253
29878
5265
22914
59484
57925
19769
20159
34726
90721
27980
51090
33821
84514
10459
14209
34472
9036
31734
99214
10277
49661
22474
34929
99380
38583
48845
37539
31686
75997
56626
75966
58311
11460
76016
88171
94196
61359
89829
82914
93416
80320
40779
23831
98710
27708
35722
22823
75843
21565
4956
70246
36345
74149
53239
45274
34099
34448
6397
97576
73088
65276
2735
51261
16197
78963
88885
19663
29099
69992
91579
34412
59261
57207
35787
74858
39251
90063
35887
50793
15542
57441
2832
6731
99760
91040
54952
11717
90779
6887
18977
15392
4229
51705
44525
59350
53793
93503
85581
88168
92856
31500
34639
86722
61325
33212
20663
61725
53537
68640
51051
44993
98167
12343
15954
91499
58330
7821
98842
40626
24583
5882
93775
23547
11431
19959
34670
57952
94182
55927
42518
3329
85409
51194
83828
26856
36749
4814
46660
54656
44857
12194
51134
42161
29096
53348
55451
86399
84123
83648
3492
1984
287
17694
75388
15670
66032
75673
10774
68766
17417
27938
26095
26749
11960
47766
89699
18824
71869
64652
89732
54679
8287
20439
8136
41140
6994
42912
25631
79410
20817
9268
8877
87622
66090
99986
41691
87298
14913
76715
63486
655
10797
81362
98346
61478
92891
77404
19490
81311
39078
45283
96421
59034
93573
42234
53655
21407
84305
97700
63007
71686
44845
83469
53103
18655
64995
85578
27194
66336
76687
95367
72560
81060
97856
49816
15125
38918
33910
54351
87541
89179
38290
90003
80740
80354
11865
21027
67214
32383
10524
93284
52591
74607
39690
36212
47287
41537
34969
14852
63923
89942
35680
3207
77587
49970
37315
20635
47898
52818
52895
43474
93190
40087
2013
74527
48564
22438
45687
77911
31765
39565
96110
21190
44681
96960
30105
54933
47819
6414
34719
96725
21863
42192
98643
55965
77295
55544
61769
24979
69012
9856
81444
9125
69887
44193
59517
98343
8060
76102
89423
24027
64406
10747
46940
90369
94701
52206
76304
17568
64798
80935
42478
93226
43306
28001
29543
66656
8113
63046
21122
32758
11554
43129
4148
56059
88277
6572
77454
191
11834
43387
44138
97372
2420
88326
25763
96897
57915
67071
72857
67212
88143
79527
47877
33951
70127
16441
82200
96276
65775
6420
19026
55928
38383
42309
93403
92731
64855
18551
61678
57071
9504
63345
30323
95740
12655
54547
11144
84290
82815
22494
63048
14793
41163
39116
80103
80475
91098
79823
47567
89785
99540
5288
3596
38617
81808
47910
79405
83889
28553
43610
59584
65958
32134
12590
56632
45052
69277
68214
27458
84210
6174
49965
45431
67938
76618
79187
20409
723
39466
61618
61298
78757
77643
27333
85269
44057
26432
79407
6322
94225
98306
76669
26316
24496
62691
44730
26333
3042
16603
41593
79342
32610
14903
3811
96590
26451
97245
2551
16302
38595
3031
33653
73925
3450
58626
78513
18230
10863
56850
28593
77999
34627
74710
92046
31295
72388
73591
7382
80549
9917
25916
35597
79862
71924
53785
69524
52722
45855
44185
11899
19807
99049
51043
76310
6710
77845
76357
69975
19032
83042
65783
30708
37173
34683
11290
78843
62922
27423
70042
98518
11197
67245
51515
29534
37072
23779
51204
98894
51385
99499
38041
34685
90787
54578
98479
70532
44892
8068
44090
2155
67514
58433
88781
25041
80032
34943
93815
22597
39450
92968
79291
34754
46642
91180
6076
73312
59633
52909
48841
77351
38237
52605
98615
22743
78630
53821
31761
33254
71570
37618
98012
81637
70892
5014
27148
27066
6075
46429
99026
33839
28096
61017
18980
88264
80458
94346
91303
33257
61676
89744
84657
80704
47810
14101
57081
98481
70997
37638
24947
38620
88416
28191
32977
5212
32125
56253
67516
26361
43551
94496
52547
61855
62766
27301
13294
96661
60163
28074
72751
67
6133
3512
65669
78719
2327
77420
34113
57366
71740
82466
92825
47377
2272
34101
70740
30868
54731
85166
36445