24909
43433
89289
94566
22850
30342
15000
83223
10080
90680
1603
70198
89686
40494
39488
99034
58284
5611
70803
93639
16646
396
55961
46149
62680
59569
94366
31142
40801
67482
16393
29056
57785
83919
24040
40559
67332
90620
76888
1059
69005
10960
42215
19503
77574
83012
65269
92020
90720
11416
24855
14311
67488
9195
77194
6054
49914
45890
32556
59375
50415
10410
73679
42600
35719
92268
42577
90520
76083
56947
80644
51642
82688
38555
55638
49977
79252
67568
95246
30417
89514
75590
12981
94724
44117
32871
23207
60352
37753
77895
71497
9697
63898
44360
14825
14388
9732
25072
19599
23222
9607
82407
4543
83288
38597
59355
5744
81022
10798
81251
20730
94703
78543
23122
10534
9793
63365
19795
2593
13880
55651
27528
30570
456
76197
44715
5086
11496
53612
97823
76261
28696
83684
69071
72877
81223
3497
88148
31942
3224
44008
64611
63997
42873
5094
3647
17879
31618
99306
17800
1179
54784
24387
18693
96854
46178
56499
83692
30184
57230
40547
39127
86682
68122
49657
28766
16886
30544
64786
28286
23092
56737
86083
33564
32993
71412
19825
98543
67577
93540
95401
97572
4523
96315
36190
59428
57586
96943
30047
75928
67744
16036
83620
16255
45745
81163
60826
68844
10964
67246
8594
60494
65607
3608
14006
1543
21626
27965
74923
85046
30025
48517
39700
44412
25473
5625
95775
1359
9719
51643
93152
50720
50802
15639
51206
88411
28720
92816
20637
13598
57870
21354
71725
58864
30470
66468
45828
91676
67150
68707
65057
91467
78917
5116
45146
60090
72590
30359
17587
93627
73454
18748
12136
128
26065
59960
8442
16981
31834
27464
55277
55525
90710
52413
57894
63862
61665
98095
95459
63001
13847
97251
99586
52542
43525
96462
17613
45351
74936
9918
20594
35728
88471
4230
7789
74304
12346
6217
51696
10345
25287
81549
45684
51905
14690
24911
30155
34066
39544
81449
18845
47412
16415
95366
11210
33617
764
94607
35738
64237
44532
49731
54468
57788
65329
16600
15499
56996
23218
53705
89835
58938
94589
28076
5770
23034
26514
97051
57943
25739
36039
49478
31055
82102
34365
73074
7824
44176
24293
43579
45335
55880
67157
41003
32592
45288
93359
81376
22167
36813
38202
74684
40295
48091
61911
79714
37883
13356
50789
14964
43390
48552
496
15588
65105
29702
49685
54499
76970
68322
52415
32961
57750
12785
65616
33661
28349
16364
24081
58057
64610
35683
60145
50885
22874
69789
70495
64247
73565
80195
97281
59643
86786
3813
14907
86862
95199
23188
86385
98744
21826
77830
85761
29089
53585
17468
6236
23818
3586
33225
53235
65929
68763
5536
97080
27524
55806
59630
88818
12219
45455
20727
26573
71771
32519
83980
11879
5951
82888
32951
27159
6211
68117
14838
54345
93239
53035
29367
50563
75570
61481
85259
64602
73275
5020
57694
45292
7493
31026
46663
74886
72649
89810
27795
27082
85041
90017
77816
63328
35620
80436
85096
28782
89519
77584
13636
91822
80645
66917
54475
67368
36746
48637
8189
27259
69116
83815
97687
56452
48993
67876
1824
14481
47424
15596
94503
57135
99850
75003
6059
20898
9774
22524
79464
25136
39876
156
92995
38717
22063
75160
46933
3089
90401
8234
49408
88158
2594
37580
69402
84897
22403
5499
66263
12166
79698
35336
88942
41463
20918
32935
69804
15305
7367
52685
80007
17359
65140
91065
75136
64411
12462
44225
36177
97276
78419
6019
65468
18376
53297
45762
92661
46372
32725
34134
92695
54025
58059
55666
37716
86818
99169
1912
88742
78015
21558
37640
55135
90546
98875
26204
67896
70347
96163
94358
64212
37685
44452
19060
91491
83406
88757
19798
51462
14305
54339
92097
29629
41545
35276
7114
55884
90736
18246
35246
4052
21480
70273
21125
62075
17592
30301
49350
95731
92616
75732
93011
77494
57621
4212
11293
32324
69865
68143
11831
21273
97766
77995
21168
56908
73280
2677
10922
58578
34311
98895
10068
65496
71974
69093
83507
33328
19309
43057
85074
65092
18432
63416
85534
41097
57458
36413
82000
79638
29028
95339
55177
54257
26509
79006
50007
94842
91781
36678
93911
14949
18799
13746
65531
797
66986
26253
97311
48339
75572
39955
80430
13678
82118
53721
72690
58999
7500
72407
82966
29529
9956
2897
75303
28790
42459
56828
6555
80682
12412
59449
76377
9406
52801
84592
42742
78651
76903
42157
16585
81577
65388
21913
70085
63790
95582
20351
50221
66860
55036
34785
93525
97192
69620
62618
32777
87702
8355
90820
37142
21030
22025
6284
82871
32575
10813
98548
16843
99156
10517
56833
54743
10721
50325
16162
18082
73140
40575
44691
6996
97163
44570
24952
72845
5449
46053
68553
82017
89869
18275
79131
26536
62156
52140
77634
89079
62080
1762
62436
60011
28646
86285
38984
61274
44641
65612
41921
96333
73722
12137
95946
83886
68598
25409
31170
33362
17065
21546
59726
2408
4836
35029
196
4452
35833
78437
10632
18954
44037
11762
77538
21191
20149
47722
36292
40017
78964
34125
79554
3249
65962
80735
53378
3686
49482
36670
75838
1828
25736
31967
78299
39998
15778
8435
72958
67870
58629
30615
68737
11068
58177
97867
52178
56219
93569
79469
6638
78369
19386
83834
81091
47154
88749
87862
61594
21689
42712
88832
41278
67817
51151
43570
37925
1070
50356
64784
61898
31191
94529
79257
59400
58073
16497
34821
69456
78343
78106
56185
32774
94636
50767
96516
72886
48119
61358
86157
58987
80561
46452
91968
6516
32415
59966
81350
71894
88936
86548
42556
49714
56842
68903
72749
30287
49480
36119
75969
77094
11767
84157
27746
24978
18323
5594
45444
42375
43509
45040
5837
18195
66465
60928
98368
60952
62744
6659
89807
23621
34389
57262
85389
81897
34733
22616
89169
90496
25373
44182
54427
80831
31457
33174
44060
76460
47067
11372
73029
6825
73766
58862
80846
93580
34544
58945
46662
82580
93701
92864
5682
67213
33866
28703
71019
3851
5878
34983
48065
11378
66265
89601
35130
48762
94848
20830
15152
12757
81816
42906
41845
3820
75085
5566
16847
48992
50317
94861
60176
21288
88131
91569
60585
11137
96533
10152
35624
79172
75111
91630
78890
78054
47511
19501
59199
38939
80540
56507
9484
6501
92069
70773
23011
62599
54190
9899
13468
11750
29723
31115
60557
81122
28281
26502
31870
28374
52988
75940
92913
33421
70965
3698
30890
55140
20937
4031
15586
97635